window,date_start,date_end,total_edges,retrain_triggered,signal_fired,cooldown_active,windows_since_retrain,f1,directional_acc,y_true,y_pred,best_params,graph_msm,unstable_edges,active_features,retrainer,model_type
1,2017-01-04,2019-01-04,22,False,False,False,0,0.6049,0.8235,"[2, 2, 2, 2, 2, 1, 0, 2, 2, 2, 2, 0, 1, 1, 2, 0, 0, 2, 2, 1, 2]","[2, 2, 2, 2, 2, 0, 0, 2, 2, 2, 2, 0, 2, 1, 2, 0, 2, 2, 0, 2, 0]","{""colsample_bytree"": 0.7, ""learning_rate"": 0.05, ""max_depth"": 3, ""min_child_weight"": 5, ""n_estimators"": 100, ""reg_alpha"": 0, ""reg_lambda"": 5.0, ""subsample"": 0.7}",1.0,{},,msm_tau_1_0.88_tau_2_0.75_lb_4,xgboost
2,2017-02-03,2019-02-05,14,False,False,True,1,0.2619,0.5,"[2, 0, 0, 1, 1, 2, 2, 0, 2, 1, 1, 0, 2, 1, 1, 1, 0, 2, 0, 0, 0]","[0, 2, 0, 0, 0, 1, 2, 0, 2, 0, 2, 0, 0, 2, 0, 2, 2, 0, 2, 0, 0]","{""colsample_bytree"": 0.7, ""learning_rate"": 0.05, ""max_depth"": 3, ""min_child_weight"": 5, ""n_estimators"": 100, ""reg_alpha"": 0, ""reg_lambda"": 5.0, ""subsample"": 0.7}",1.0,{},,msm_tau_1_0.88_tau_2_0.75_lb_4,xgboost
3,2017-03-07,2019-03-07,19,False,False,True,2,0.5161,0.6875,"[0, 0, 2, 2, 2, 1, 2, 2, 1, 0, 2, 0, 1, 2, 0, 2, 2, 2, 1, 1, 2]","[0, 0, 2, 0, 1, 0, 0, 2, 2, 0, 0, 0, 0, 1, 0, 2, 2, 2, 1, 2, 2]","{""colsample_bytree"": 0.7, ""learning_rate"": 0.05, ""max_depth"": 3, ""min_child_weight"": 5, ""n_estimators"": 100, ""reg_alpha"": 0, ""reg_lambda"": 5.0, ""subsample"": 0.7}",1.0,{},,msm_tau_1_0.88_tau_2_0.75_lb_4,xgboost
4,2017-04-05,2019-04-05,15,False,False,False,3,0.5769,0.6667,"[2, 1, 0, 2, 1, 2, 1, 1, 0, 1, 1, 2, 0, 1, 2, 1, 1, 0, 0, 2, 0]","[2, 2, 0, 1, 2, 2, 1, 1, 0, 1, 1, 1, 0, 0, 1, 2, 0, 2, 0, 2, 0]","{""colsample_bytree"": 0.7, ""learning_rate"": 0.05, ""max_depth"": 3, ""min_child_weight"": 5, ""n_estimators"": 100, ""reg_alpha"": 0, ""reg_lambda"": 5.0, ""subsample"": 0.7}",1.0,{},,msm_tau_1_0.88_tau_2_0.75_lb_4,xgboost
5,2017-05-05,2019-05-07,15,False,False,False,4,0.7529,0.7619,"[0, 0, 0, 2, 0, 2, 2, 2, 0, 0, 2, 0, 0, 2, 0, 0, 2, 0, 0, 2, 2]","[0, 2, 0, 2, 0, 2, 0, 2, 0, 2, 2, 0, 0, 2, 0, 0, 0, 0, 0, 2, 0]","{""colsample_bytree"": 0.7, ""learning_rate"": 0.05, ""max_depth"": 3, ""min_child_weight"": 5, ""n_estimators"": 100, ""reg_alpha"": 0, ""reg_lambda"": 5.0, ""subsample"": 0.7}",0.7875,{},,msm_tau_1_0.88_tau_2_0.75_lb_4,xgboost
6,2017-06-06,2019-06-06,15,False,False,False,5,0.3357,0.5625,"[2, 2, 2, 1, 0, 2, 1, 1, 2, 2, 2, 0, 0, 0, 1, 2, 2, 2, 2, 2, 1]","[2, 2, 2, 2, 0, 0, 0, 0, 2, 2, 0, 2, 0, 0, 2, 2, 0, 1, 0, 1, 2]","{""colsample_bytree"": 0.7, ""learning_rate"": 0.05, ""max_depth"": 3, ""min_child_weight"": 5, ""n_estimators"": 100, ""reg_alpha"": 0, ""reg_lambda"": 5.0, ""subsample"": 0.7}",0.8,{},,msm_tau_1_0.88_tau_2_0.75_lb_4,xgboost
7,2017-07-06,2019-07-08,26,False,False,False,6,0.3429,0.4737,"[0, 1, 2, 2, 2, 1, 0, 0, 2, 0, 2, 2, 2, 0, 2, 0, 0, 0, 0, 0, 0]","[2, 2, 2, 0, 1, 0, 1, 0, 0, 1, 2, 1, 1, 0, 2, 1, 2, 0, 0, 0, 0]","{""colsample_bytree"": 0.7, ""learning_rate"": 0.05, ""max_depth"": 3, ""min_child_weight"": 5, ""n_estimators"": 100, ""reg_alpha"": 0, ""reg_lambda"": 5.0, ""subsample"": 0.7}",0.6339,{},,msm_tau_1_0.88_tau_2_0.75_lb_4,xgboost
8,2017-08-04,2019-08-06,24,False,False,False,7,0.4762,0.7778,"[2, 1, 2, 0, 0, 2, 0, 2, 2, 2, 0, 2, 1, 0, 2, 0, 2, 2, 1, 0, 2]","[0, 0, 2, 2, 0, 2, 0, 0, 2, 2, 0, 2, 2, 0, 2, 0, 0, 2, 0, 0, 2]","{""colsample_bytree"": 0.7, ""learning_rate"": 0.05, ""max_depth"": 3, ""min_child_weight"": 5, ""n_estimators"": 100, ""reg_alpha"": 0, ""reg_lambda"": 5.0, ""subsample"": 0.7}",0.6667,{},,msm_tau_1_0.88_tau_2_0.75_lb_4,xgboost
9,2017-09-05,2019-09-05,19,True,True,False,0,0.3058,0.6154,"[2, 1, 1, 1, 2, 2, 1, 0, 1, 1, 1, 0, 1, 0, 2, 0, 0, 2, 0, 0, 2]","[2, 2, 2, 0, 1, 0, 0, 0, 0, 2, 2, 0, 2, 0, 2, 2, 0, 0, 0, 0, 0]","{""colsample_bytree"": 0.7, ""learning_rate"": 0.05, ""max_depth"": 3, ""min_child_weight"": 5, ""n_estimators"": 100, ""reg_alpha"": 0, ""reg_lambda"": 5.0, ""subsample"": 0.7}",0.6774,"{""(7, 6, 1)"": 0.25, ""(6, 6, 4)"": 0.75, ""(6, 8, 0)"": 0.75, ""(8, 8, 2)"": 0.5, ""(9, 3, 3)"": 0.5, ""(3, 5, 2)"": 0.25, ""(9, 0, 4)"": 0.25, ""(6, 6, 3)"": 0.5, ""(3, 6, 0)"": 0.75, ""(2, 9, 0)"": 0.5, ""(6, 7, 1)"": 0.25, ""(7, 6, 5)"": 0.25, ""(6, 6, 2)"": 0.25, ""(3, 10, 0)"": 0.25, ""(9, 5, 2)"": 0.25, ""(7, 10, 5)"": 0.25, ""(6, 7, 0)"": 0.5}",,msm_tau_1_0.88_tau_2_0.75_lb_4,xgboost
10,2017-10-04,2019-10-04,21,False,False,True,1,0.3763,0.6667,"[2, 0, 0, 2, 2, 2, 1, 2, 0, 1, 0, 2, 0, 1, 1, 2, 2, 1, 1, 0, 2]","[2, 2, 0, 2, 2, 2, 2, 0, 2, 2, 0, 2, 2, 2, 2, 2, 1, 2, 0, 0, 2]","{""colsample_bytree"": 0.7, ""learning_rate"": 0.05, ""max_depth"": 3, ""min_child_weight"": 5, ""n_estimators"": 100, ""reg_alpha"": 0, ""reg_lambda"": 5.0, ""subsample"": 0.7}",0.625,{},,msm_tau_1_0.88_tau_2_0.75_lb_4,xgboost
11,2017-11-02,2019-11-04,16,False,True,True,2,0.4259,0.4545,"[2, 1, 1, 2, 1, 0, 1, 1, 1, 2, 1, 1, 0, 0, 1, 2, 1, 2, 0, 0, 0]","[1, 1, 0, 1, 2, 2, 1, 2, 0, 2, 0, 1, 0, 2, 2, 1, 1, 2, 1, 0, 0]","{""colsample_bytree"": 0.7, ""learning_rate"": 0.05, ""max_depth"": 3, ""min_child_weight"": 5, ""n_estimators"": 100, ""reg_alpha"": 0, ""reg_lambda"": 5.0, ""subsample"": 0.7}",0.6452,{},,msm_tau_1_0.88_tau_2_0.75_lb_4,xgboost
12,2017-12-04,2019-12-04,16,False,False,False,3,0.4442,0.4545,"[2, 1, 2, 0, 1, 1, 2, 1, 2, 1, 1, 2, 2, 1, 1, 2, 1, 0, 1, 2, 0]","[2, 2, 1, 0, 2, 0, 1, 2, 1, 1, 2, 1, 1, 1, 0, 2, 2, 0, 1, 1, 0]","{""colsample_bytree"": 0.7, ""learning_rate"": 0.05, ""max_depth"": 3, ""min_child_weight"": 5, ""n_estimators"": 100, ""reg_alpha"": 0, ""reg_lambda"": 5.0, ""subsample"": 0.7}",0.6923,{},,msm_tau_1_0.88_tau_2_0.75_lb_4,xgboost
13,2018-01-04,2020-01-06,19,True,True,False,0,0.4778,0.4667,"[2, 0, 2, 2, 0, 2, 0, 1, 2, 1, 0, 1, 1, 0, 0, 2, 1, 1, 0, 2, 2]","[0, 1, 1, 1, 2, 1, 1, 1, 2, 1, 0, 1, 0, 0, 0, 2, 0, 0, 0, 1, 2]","{""colsample_bytree"": 0.7, ""learning_rate"": 0.05, ""max_depth"": 4, ""min_child_weight"": 5, ""n_estimators"": 125, ""reg_alpha"": 0, ""reg_lambda"": 5.0, ""subsample"": 0.9}",0.72,"{""(7, 8, 4)"": 0.25, ""(0, 3, 3)"": 0.25, ""(0, 2, 1)"": 0.25, ""(6, 8, 0)"": 0.75, ""(3, 5, 2)"": 0.25, ""(9, 0, 4)"": 0.25, ""(0, 8, 1)"": 0.25, ""(3, 6, 0)"": 0.5, ""(1, 8, 3)"": 0.25, ""(7, 7, 3)"": 0.25, ""(6, 7, 0)"": 0.75}",,msm_tau_1_0.88_tau_2_0.75_lb_4,xgboost
14,2018-02-05,2020-02-05,17,False,False,True,1,0.8308,0.8824,"[2, 1, 0, 2, 1, 2, 1, 1, 0, 2, 0, 0, 0, 0, 0, 0, 0, 2, 0, 2, 0]","[2, 1, 0, 0, 2, 2, 1, 1, 0, 2, 1, 0, 0, 0, 0, 0, 0, 2, 0, 2, 0]","{""colsample_bytree"": 0.7, ""learning_rate"": 0.05, ""max_depth"": 4, ""min_child_weight"": 5, ""n_estimators"": 125, ""reg_alpha"": 0, ""reg_lambda"": 5.0, ""subsample"": 0.9}",0.85,{},,msm_tau_1_0.88_tau_2_0.75_lb_4,xgboost
15,2018-03-07,2020-03-06,25,False,True,True,2,0.4231,0.65,"[0, 0, 2, 0, 0, 2, 0, 2, 0, 1, 0, 0, 2, 2, 2, 0, 2, 0, 0, 2, 0]","[0, 0, 1, 0, 0, 1, 0, 0, 0, 0, 0, 0, 2, 2, 0, 0, 0, 2, 0, 2, 1]","{""colsample_bytree"": 0.7, ""learning_rate"": 0.05, ""max_depth"": 4, ""min_child_weight"": 5, ""n_estimators"": 125, ""reg_alpha"": 0, ""reg_lambda"": 5.0, ""subsample"": 0.9}",0.6638,{},,msm_tau_1_0.88_tau_2_0.75_lb_4,xgboost
16,2018-04-06,2020-04-06,26,False,False,False,3,0.4575,0.7222,"[2, 1, 2, 2, 0, 2, 0, 2, 2, 0, 0, 2, 1, 2, 2, 0, 2, 0, 0, 1, 2]","[0, 2, 2, 2, 0, 2, 0, 1, 2, 0, 0, 0, 2, 0, 2, 0, 2, 2, 0, 0, 2]","{""colsample_bytree"": 0.7, ""learning_rate"": 0.05, ""max_depth"": 4, ""min_child_weight"": 5, ""n_estimators"": 125, ""reg_alpha"": 0, ""reg_lambda"": 5.0, ""subsample"": 0.9}",0.5878,{},,msm_tau_1_0.88_tau_2_0.75_lb_4,xgboost
17,2018-05-07,2020-05-06,30,True,True,False,0,0.3736,0.6316,"[0, 2, 2, 1, 0, 0, 2, 2, 2, 0, 2, 0, 1, 2, 2, 0, 2, 2, 2, 2, 0]","[0, 0, 2, 0, 0, 0, 2, 2, 2, 2, 2, 2, 2, 2, 2, 2, 0, 0, 2, 2, 2]","{""colsample_bytree"": 0.6, ""learning_rate"": 0.05, ""max_depth"": 3, ""min_child_weight"": 5, ""n_estimators"": 93, ""reg_alpha"": 0, ""reg_lambda"": 5.0, ""subsample"": 0.9}",0.5698,"{""(8, 8, 3)"": 0.25, ""(7, 9, 0)"": 0.75, ""(6, 6, 4)"": 0.5, ""(6, 3, 5)"": 0.25, ""(3, 1, 5)"": 0.25, ""(0, 0, 1)"": 0.25, ""(0, 2, 1)"": 0.5, ""(1, 0, 1)"": 0.25, ""(2, 3, 3)"": 0.25, ""(0, 5, 0)"": 0.5, ""(7, 1, 1)"": 0.25, ""(8, 4, 5)"": 0.25, ""(2, 0, 1)"": 0.25, ""(8, 8, 2)"": 0.5, ""(3, 5, 2)"": 0.25, ""(10, 1, 3)"": 0.25, ""(2, 7, 0)"": 0.25, ""(6, 6, 3)"": 0.5, ""(4, 6, 0)"": 0.25, ""(0, 8, 1)"": 0.75, ""(3, 6, 0)"": 0.75, ""(1, 9, 0)"": 0.75, ""(7, 10, 0)"": 0.25, ""(8, 9, 0)"": 0.5, ""(1, 2, 3)"": 0.5, ""(3, 4, 2)"": 0.5, ""(5, 5, 4)"": 0.5, ""(1, 8, 3)"": 0.5, ""(7, 7, 3)"": 0.5, ""(3, 8, 2)"": 0.25, ""(6, 7, 0)"": 0.25}",,msm_tau_1_0.88_tau_2_0.75_lb_4,xgboost
18,2018-06-06,2020-06-05,20,False,False,True,1,0.5421,0.85,"[2, 2, 0, 0, 0, 2, 2, 2, 0, 1, 0, 2, 2, 0, 2, 0, 2, 2, 2, 2, 2]","[2, 2, 0, 0, 0, 2, 2, 2, 2, 2, 2, 2, 0, 0, 2, 0, 2, 2, 2, 2, 2]","{""colsample_bytree"": 0.6, ""learning_rate"": 0.05, ""max_depth"": 3, ""min_child_weight"": 5, ""n_estimators"": 93, ""reg_alpha"": 0, ""reg_lambda"": 5.0, ""subsample"": 0.9}",0.6159,{},,msm_tau_1_0.88_tau_2_0.75_lb_4,xgboost
19,2018-07-06,2020-07-07,28,False,True,True,2,0.4212,0.6842,"[0, 2, 0, 2, 0, 2, 2, 0, 1, 2, 1, 2, 0, 0, 2, 0, 2, 0, 2, 2, 2]","[0, 2, 0, 2, 0, 2, 2, 2, 2, 2, 2, 2, 2, 2, 2, 0, 2, 2, 2, 0, 0]","{""colsample_bytree"": 0.6, ""learning_rate"": 0.05, ""max_depth"": 3, ""min_child_weight"": 5, ""n_estimators"": 93, ""reg_alpha"": 0, ""reg_lambda"": 5.0, ""subsample"": 0.9}",0.6667,{},,msm_tau_1_0.88_tau_2_0.75_lb_4,xgboost
20,2018-08-06,2020-08-05,36,False,False,False,3,0.3016,0.6667,"[2, 2, 1, 1, 0, 2, 0, 1, 1, 1, 0, 1, 1, 2, 1, 2, 1, 2, 0, 2, 2]","[2, 2, 2, 2, 0, 2, 0, 0, 0, 2, 2, 0, 2, 2, 2, 0, 0, 2, 2, 0, 2]","{""colsample_bytree"": 0.6, ""learning_rate"": 0.05, ""max_depth"": 3, ""min_child_weight"": 5, ""n_estimators"": 93, ""reg_alpha"": 0, ""reg_lambda"": 5.0, ""subsample"": 0.9}",0.5938,{},,msm_tau_1_0.88_tau_2_0.75_lb_4,xgboost
21,2018-09-05,2020-09-03,28,True,True,False,0,0.4276,0.6842,"[0, 0, 0, 2, 0, 1, 2, 2, 0, 0, 0, 0, 2, 0, 1, 2, 2, 0, 2, 2, 0]","[0, 0, 0, 2, 0, 2, 2, 2, 2, 2, 0, 0, 0, 0, 2, 0, 2, 2, 2, 0, 0]","{""colsample_bytree"": 0.7, ""learning_rate"": 0.025, ""max_depth"": 2, ""min_child_weight"": 5, ""n_estimators"": 116, ""reg_alpha"": 0, ""reg_lambda"": 5.0, ""subsample"": 0.8}",0.6667,"{""(0, 7, 4)"": 0.75, ""(6, 6, 4)"": 0.25, ""(0, 0, 1)"": 0.5, ""(0, 2, 4)"": 0.25, ""(7, 1, 1)"": 0.5, ""(0, 5, 0)"": 0.25, ""(0, 7, 3)"": 0.25, ""(10, 10, 3)"": 0.25, ""(10, 1, 3)"": 0.75, ""(7, 6, 3)"": 0.5, ""(4, 6, 0)"": 0.25, ""(1, 2, 1)"": 0.25, ""(3, 8, 0)"": 0.75, ""(5, 6, 0)"": 0.75, ""(8, 8, 1)"": 0.5, ""(8, 7, 3)"": 0.5, ""(8, 9, 0)"": 0.5, ""(4, 4, 2)"": 0.5, ""(1, 2, 3)"": 0.5, ""(1, 3, 1)"": 0.25, ""(8, 10, 1)"": 0.25, ""(5, 5, 4)"": 0.5, ""(1, 8, 3)"": 0.75, ""(7, 7, 3)"": 0.25, ""(3, 8, 2)"": 0.25}",,msm_tau_1_0.88_tau_2_0.75_lb_4,xgboost
22,2018-10-04,2020-10-05,24,False,False,True,1,0.2897,0.5294,"[2, 0, 2, 2, 2, 2, 0, 0, 1, 1, 0, 1, 0, 2, 1, 0, 0, 0, 2, 0, 2]","[2, 2, 2, 2, 2, 0, 2, 2, 0, 2, 2, 2, 2, 2, 0, 0, 2, 0, 2, 2, 2]","{""colsample_bytree"": 0.7, ""learning_rate"": 0.025, ""max_depth"": 2, ""min_child_weight"": 5, ""n_estimators"": 116, ""reg_alpha"": 0, ""reg_lambda"": 5.0, ""subsample"": 0.8}",0.7073,{},,msm_tau_1_0.88_tau_2_0.75_lb_4,xgboost
23,2018-11-02,2020-11-03,21,False,True,True,2,0.3385,0.6667,"[2, 2, 2, 1, 2, 1, 2, 0, 2, 2, 0, 0, 1, 0, 2, 2, 1, 1, 0, 2, 1]","[2, 0, 2, 2, 2, 2, 0, 0, 2, 2, 0, 2, 2, 2, 2, 2, 2, 0, 2, 2, 2]","{""colsample_bytree"": 0.7, ""learning_rate"": 0.025, ""max_depth"": 2, ""min_child_weight"": 5, ""n_estimators"": 116, ""reg_alpha"": 0, ""reg_lambda"": 5.0, ""subsample"": 0.8}",0.6812,{},,msm_tau_1_0.88_tau_2_0.75_lb_4,xgboost
24,2018-12-04,2020-12-03,22,False,False,False,3,0.3577,0.5833,"[1, 2, 0, 1, 0, 1, 1, 0, 2, 1, 2, 0, 0, 1, 1, 1, 2, 0, 1, 2, 0]","[2, 2, 0, 0, 0, 2, 0, 2, 2, 2, 2, 2, 2, 0, 2, 1, 0, 2, 2, 2, 0]","{""colsample_bytree"": 0.7, ""learning_rate"": 0.025, ""max_depth"": 2, ""min_child_weight"": 5, ""n_estimators"": 116, ""reg_alpha"": 0, ""reg_lambda"": 5.0, ""subsample"": 0.8}",0.7661,{},,msm_tau_1_0.88_tau_2_0.75_lb_4,xgboost
25,2019-01-07,2021-01-05,32,True,True,False,0,0.431,0.6,"[2, 2, 2, 2, 0, 1, 1, 0, 0, 2, 2, 1, 0, 1, 1, 0, 2, 0, 2, 2, 1]","[2, 2, 2, 2, 1, 2, 0, 2, 0, 1, 1, 1, 0, 0, 0, 0, 0, 2, 2, 2, 2]","{""colsample_bytree"": 0.8, ""learning_rate"": 0.025, ""max_depth"": 3, ""min_child_weight"": 5, ""n_estimators"": 116, ""reg_alpha"": 0, ""reg_lambda"": 5.0, ""subsample"": 0.9}",0.6689,"{""(2, 2, 2)"": 0.25, ""(0, 0, 1)"": 0.25, ""(0, 2, 4)"": 0.25, ""(0, 5, 0)"": 0.25, ""(0, 7, 3)"": 0.5, ""(10, 1, 3)"": 0.75, ""(7, 6, 3)"": 0.25, ""(6, 6, 3)"": 0.25, ""(4, 6, 0)"": 0.5, ""(1, 2, 1)"": 0.25, ""(0, 8, 1)"": 0.75, ""(0, 9, 0)"": 0.75, ""(3, 8, 0)"": 0.5, ""(5, 6, 0)"": 0.75, ""(8, 8, 1)"": 0.75, ""(8, 9, 0)"": 0.5, ""(6, 1, 3)"": 0.25, ""(0, 10, 3)"": 0.25, ""(1, 8, 3)"": 0.25, ""(7, 7, 3)"": 0.25, ""(3, 8, 2)"": 0.25}",,msm_tau_1_0.88_tau_2_0.75_lb_4,xgboost
26,2019-02-06,2021-02-04,33,False,False,True,1,0.4774,0.5385,"[2, 1, 2, 1, 1, 1, 1, 1, 1, 0, 0, 0, 1, 2, 0, 0, 2, 0, 0, 0, 2]","[2, 2, 2, 1, 1, 0, 2, 2, 1, 1, 0, 2, 2, 2, 2, 0, 0, 0, 2, 2, 2]","{""colsample_bytree"": 0.8, ""learning_rate"": 0.025, ""max_depth"": 3, ""min_child_weight"": 5, ""n_estimators"": 116, ""reg_alpha"": 0, ""reg_lambda"": 5.0, ""subsample"": 0.9}",0.6279,{},,msm_tau_1_0.88_tau_2_0.75_lb_4,xgboost
27,2019-03-08,2021-03-08,24,False,True,True,2,0.3167,0.4,"[0, 2, 2, 2, 1, 2, 1, 1, 0, 0, 2, 0, 0, 2, 2, 1, 0, 1, 2, 2, 1]","[0, 0, 1, 2, 0, 1, 0, 1, 2, 2, 0, 0, 2, 0, 2, 2, 0, 0, 0, 2, 0]","{""colsample_bytree"": 0.8, ""learning_rate"": 0.025, ""max_depth"": 3, ""min_child_weight"": 5, ""n_estimators"": 116, ""reg_alpha"": 0, ""reg_lambda"": 5.0, ""subsample"": 0.9}",0.6607,{},,msm_tau_1_0.88_tau_2_0.75_lb_4,xgboost
28,2019-04-08,2021-04-07,22,False,False,False,3,0.1624,0.3636,"[1, 1, 2, 1, 1, 0, 2, 1, 0, 0, 2, 0, 2, 1, 1, 1, 2, 0, 1, 0, 1]","[2, 0, 2, 2, 0, 2, 0, 0, 2, 0, 0, 2, 2, 2, 2, 2, 2, 1, 2, 2, 0]","{""colsample_bytree"": 0.8, ""learning_rate"": 0.025, ""max_depth"": 3, ""min_child_weight"": 5, ""n_estimators"": 116, ""reg_alpha"": 0, ""reg_lambda"": 5.0, ""subsample"": 0.9}",0.6607,{},,msm_tau_1_0.88_tau_2_0.75_lb_4,xgboost
29,2019-05-08,2021-05-06,23,True,True,False,0,0.3097,0.2,"[2, 2, 0, 0, 0, 2, 2, 0, 0, 0, 2, 1, 2, 0, 1, 1, 1, 1, 1, 0, 2]","[1, 2, 1, 1, 2, 1, 1, 1, 1, 2, 1, 2, 2, 0, 2, 1, 1, 1, 1, 2, 1]","{""colsample_bytree"": 0.7, ""learning_rate"": 0.05, ""max_depth"": 4, ""min_child_weight"": 5, ""n_estimators"": 116, ""reg_alpha"": 0, ""reg_lambda"": 5.0, ""subsample"": 0.7}",0.7286,"{""(7, 3, 5)"": 0.25, ""(2, 2, 2)"": 0.25, ""(4, 5, 0)"": 0.25, ""(0, 5, 0)"": 0.25, ""(10, 10, 3)"": 0.75, ""(5, 9, 0)"": 0.25, ""(10, 1, 3)"": 0.75, ""(7, 6, 3)"": 0.5, ""(6, 6, 3)"": 0.75, ""(4, 6, 0)"": 0.5, ""(1, 2, 1)"": 0.5, ""(0, 9, 0)"": 0.5, ""(3, 6, 0)"": 0.5, ""(1, 1, 5)"": 0.25, ""(5, 6, 0)"": 0.75, ""(8, 7, 3)"": 0.25, ""(1, 0, 2)"": 0.25}",,msm_tau_1_0.88_tau_2_0.75_lb_4,xgboost
30,2019-06-07,2021-06-07,19,False,False,True,1,0.2878,0.375,"[1, 1, 1, 1, 1, 1, 0, 0, 1, 0, 2, 1, 1, 2, 1, 1, 1, 1, 2, 2, 0]","[1, 0, 0, 1, 0, 1, 1, 0, 0, 0, 1, 1, 2, 1, 1, 0, 0, 0, 1, 1, 0]","{""colsample_bytree"": 0.7, ""learning_rate"": 0.05, ""max_depth"": 4, ""min_child_weight"": 5, ""n_estimators"": 116, ""reg_alpha"": 0, ""reg_lambda"": 5.0, ""subsample"": 0.7}",0.8148,{},,msm_tau_1_0.88_tau_2_0.75_lb_4,xgboost
31,2019-07-09,2021-07-07,22,False,True,True,2,0.6575,0.6429,"[1, 0, 2, 1, 0, 1, 0, 0, 0, 2, 2, 1, 2, 1, 0, 1, 1, 0, 0, 2, 0]","[0, 1, 1, 1, 2, 1, 0, 0, 0, 2, 2, 1, 2, 1, 0, 1, 2, 0, 0, 0, 1]","{""colsample_bytree"": 0.7, ""learning_rate"": 0.05, ""max_depth"": 4, ""min_child_weight"": 5, ""n_estimators"": 116, ""reg_alpha"": 0, ""reg_lambda"": 5.0, ""subsample"": 0.7}",0.7963,{},,msm_tau_1_0.88_tau_2_0.75_lb_4,xgboost
32,2019-08-07,2021-08-05,22,False,False,False,3,0.6446,0.8571,"[2, 1, 1, 1, 1, 1, 1, 1, 0, 0, 1, 2, 2, 1, 1, 0, 2, 1, 1, 1, 1]","[2, 2, 0, 2, 1, 1, 1, 1, 0, 1, 0, 2, 2, 2, 2, 0, 2, 1, 1, 1, 1]","{""colsample_bytree"": 0.7, ""learning_rate"": 0.05, ""max_depth"": 4, ""min_child_weight"": 5, ""n_estimators"": 116, ""reg_alpha"": 0, ""reg_lambda"": 5.0, ""subsample"": 0.7}",0.7963,{},,msm_tau_1_0.88_tau_2_0.75_lb_4,xgboost
33,2019-09-06,2021-09-03,23,True,True,False,0,0.2222,0.1333,"[1, 0, 1, 0, 0, 1, 0, 2, 0, 0, 0, 1, 2, 2, 1, 0, 0, 1, 0, 2, 0]","[2, 1, 1, 1, 2, 1, 1, 1, 1, 1, 0, 1, 1, 1, 1, 1, 0, 0, 2, 1, 1]","{""colsample_bytree"": 0.7, ""learning_rate"": 0.1, ""max_depth"": 5, ""min_child_weight"": 5, ""n_estimators"": 87, ""reg_alpha"": 0, ""reg_lambda"": 5.0, ""subsample"": 0.6}",0.86,"{""(0, 7, 4)"": 0.25, ""(9, 6, 3)"": 0.25, ""(4, 5, 0)"": 0.5, ""(0, 0, 1)"": 0.75, ""(10, 10, 3)"": 0.75, ""(0, 9, 0)"": 0.5, ""(0, 2, 0)"": 0.5}",,msm_tau_1_0.88_tau_2_0.75_lb_4,xgboost
34,2019-10-07,2021-10-05,25,False,False,True,1,0.3486,0.1818,"[2, 1, 2, 0, 0, 0, 1, 2, 2, 1, 2, 1, 1, 1, 2, 1, 0, 2, 1, 1, 1]","[1, 0, 2, 2, 1, 1, 2, 1, 1, 1, 1, 1, 1, 1, 1, 1, 0, 1, 0, 1, 1]","{""colsample_bytree"": 0.7, ""learning_rate"": 0.1, ""max_depth"": 5, ""min_child_weight"": 5, ""n_estimators"": 87, ""reg_alpha"": 0, ""reg_lambda"": 5.0, ""subsample"": 0.6}",0.8519,{},,msm_tau_1_0.88_tau_2_0.75_lb_4,xgboost
35,2019-11-05,2021-11-03,24,False,True,True,2,0.7222,0.75,"[2, 1, 1, 1, 0, 0, 1, 2, 1, 1, 0, 1, 0, 0, 1, 1, 0, 2, 0, 0, 2]","[2, 0, 0, 1, 1, 0, 1, 1, 1, 1, 1, 1, 0, 0, 2, 1, 0, 2, 0, 0, 2]","{""colsample_bytree"": 0.7, ""learning_rate"": 0.1, ""max_depth"": 5, ""min_child_weight"": 5, ""n_estimators"": 87, ""reg_alpha"": 0, ""reg_lambda"": 5.0, ""subsample"": 0.6}",0.8704,{},,msm_tau_1_0.88_tau_2_0.75_lb_4,xgboost
36,2019-12-05,2021-12-03,18,False,False,False,3,0.4519,0.6111,"[0, 2, 2, 1, 0, 2, 0, 0, 2, 0, 0, 0, 2, 2, 2, 2, 1, 1, 0, 0, 2]","[0, 2, 2, 2, 0, 1, 0, 0, 2, 2, 0, 0, 2, 1, 2, 1, 2, 2, 1, 1, 1]","{""colsample_bytree"": 0.7, ""learning_rate"": 0.1, ""max_depth"": 5, ""min_child_weight"": 5, ""n_estimators"": 87, ""reg_alpha"": 0, ""reg_lambda"": 5.0, ""subsample"": 0.6}",0.8333,{},,msm_tau_1_0.88_tau_2_0.75_lb_4,xgboost
37,2020-01-07,2022-01-04,20,False,False,False,4,0.3113,0.3333,"[1, 0, 1, 0, 1, 2, 1, 0, 1, 0, 0, 0, 0, 1, 0, 0, 0, 2, 2, 2, 2]","[1, 2, 2, 1, 0, 2, 1, 1, 2, 1, 2, 0, 0, 0, 2, 0, 0, 0, 1, 0, 1]","{""colsample_bytree"": 0.7, ""learning_rate"": 0.1, ""max_depth"": 5, ""min_child_weight"": 5, ""n_estimators"": 87, ""reg_alpha"": 0, ""reg_lambda"": 5.0, ""subsample"": 0.6}",0.8365,{},,msm_tau_1_0.88_tau_2_0.75_lb_4,xgboost
38,2020-02-06,2022-02-03,31,True,True,False,0,0.3747,0.5789,"[0, 1, 0, 2, 2, 0, 0, 0, 2, 1, 0, 0, 0, 0, 2, 2, 0, 0, 2, 0, 0]","[2, 2, 1, 1, 1, 0, 0, 0, 2, 0, 0, 0, 2, 2, 0, 2, 0, 2, 2, 0, 0]","{""colsample_bytree"": 0.8, ""learning_rate"": 0.05, ""max_depth"": 4, ""min_child_weight"": 5, ""n_estimators"": 65, ""reg_alpha"": 0, ""reg_lambda"": 5.0, ""subsample"": 0.7}",0.6643,"{""(2, 2, 2)"": 0.25, ""(9, 6, 3)"": 0.25, ""(4, 5, 0)"": 0.75, ""(1, 3, 3)"": 0.5, ""(0, 0, 1)"": 0.75, ""(0, 8, 2)"": 0.25, ""(3, 9, 0)"": 0.25, ""(10, 10, 3)"": 0.5, ""(8, 8, 2)"": 0.25, ""(9, 6, 5)"": 0.25, ""(0, 8, 1)"": 0.5, ""(0, 2, 0)"": 0.75, ""(9, 2, 1)"": 0.25, ""(8, 6, 4)"": 0.25, ""(8, 9, 0)"": 0.75, ""(2, 0, 3)"": 0.25, ""(6, 6, 2)"": 0.75, ""(4, 4, 2)"": 0.25, ""(6, 10, 5)"": 0.25, ""(7, 1, 5)"": 0.25}",,msm_tau_1_0.88_tau_2_0.75_lb_4,xgboost
39,2020-03-09,2022-03-07,26,False,False,True,1,0.3387,0.5556,"[0, 0, 2, 0, 0, 0, 2, 2, 2, 2, 1, 2, 0, 2, 1, 2, 2, 0, 0, 1, 2]","[0, 2, 2, 0, 2, 0, 0, 2, 2, 0, 2, 0, 2, 2, 2, 0, 2, 2, 0, 0, 2]","{""colsample_bytree"": 0.8, ""learning_rate"": 0.05, ""max_depth"": 4, ""min_child_weight"": 5, ""n_estimators"": 65, ""reg_alpha"": 0, ""reg_lambda"": 5.0, ""subsample"": 0.7}",0.625,{},,msm_tau_1_0.88_tau_2_0.75_lb_4,xgboost
40,2020-04-07,2022-04-05,19,False,True,True,2,0.2837,0.5,"[0, 0, 1, 0, 0, 0, 2, 0, 1, 2, 1, 0, 0, 2, 0, 1, 2, 0, 2, 1, 2]","[0, 0, 2, 2, 0, 2, 2, 2, 2, 0, 0, 0, 0, 0, 2, 0, 2, 2, 0, 0, 2]","{""colsample_bytree"": 0.8, ""learning_rate"": 0.05, ""max_depth"": 4, ""min_child_weight"": 5, ""n_estimators"": 65, ""reg_alpha"": 0, ""reg_lambda"": 5.0, ""subsample"": 0.7}",0.6154,{},,msm_tau_1_0.88_tau_2_0.75_lb_4,xgboost
41,2020-05-07,2022-05-05,25,False,False,False,3,0.3757,0.6111,"[0, 0, 0, 1, 0, 1, 2, 0, 2, 0, 0, 1, 2, 0, 2, 2, 2, 0, 0, 2, 0]","[0, 2, 0, 0, 2, 0, 2, 2, 0, 0, 2, 2, 2, 0, 0, 2, 2, 0, 0, 2, 2]","{""colsample_bytree"": 0.8, ""learning_rate"": 0.05, ""max_depth"": 4, ""min_child_weight"": 5, ""n_estimators"": 65, ""reg_alpha"": 0, ""reg_lambda"": 5.0, ""subsample"": 0.7}",0.5872,{},,msm_tau_1_0.88_tau_2_0.75_lb_4,xgboost
42,2020-06-08,2022-06-06,22,True,True,False,0,0.4051,0.7333,"[1, 2, 0, 0, 0, 0, 0, 2, 0, 1, 2, 1, 2, 2, 0, 0, 1, 0, 2, 1, 1]","[0, 2, 0, 0, 0, 0, 0, 2, 0, 0, 0, 0, 0, 2, 2, 0, 0, 0, 0, 0, 0]","{""colsample_bytree"": 0.7, ""learning_rate"": 0.05, ""max_depth"": 5, ""min_child_weight"": 5, ""n_estimators"": 81, ""reg_alpha"": 0, ""reg_lambda"": 5.0, ""subsample"": 0.5}",0.6571,"{""(2, 8, 3)"": 0.25, ""(9, 6, 3)"": 0.25, ""(4, 5, 0)"": 0.25, ""(3, 7, 0)"": 0.5, ""(1, 3, 3)"": 0.25, ""(0, 0, 1)"": 0.25, ""(0, 2, 1)"": 0.75, ""(2, 8, 2)"": 0.75, ""(0, 5, 0)"": 0.25, ""(2, 8, 5)"": 0.25, ""(8, 8, 2)"": 0.25, ""(0, 3, 2)"": 0.5, ""(0, 8, 1)"": 0.75, ""(6, 10, 0)"": 0.25, ""(0, 6, 0)"": 0.25, ""(8, 8, 1)"": 0.25, ""(8, 9, 0)"": 0.75, ""(7, 6, 5)"": 0.25, ""(2, 6, 0)"": 0.75, ""(0, 8, 0)"": 0.75, ""(6, 10, 5)"": 0.5}",,msm_tau_1_0.88_tau_2_0.75_lb_4,xgboost
43,2020-07-08,2022-07-07,30,False,False,True,1,0.4556,0.7647,"[2, 1, 0, 0, 0, 1, 2, 0, 2, 2, 2, 0, 1, 0, 2, 2, 2, 0, 0, 2, 1]","[2, 2, 0, 0, 0, 0, 2, 2, 2, 0, 2, 0, 2, 0, 2, 0, 2, 0, 0, 0, 0]","{""colsample_bytree"": 0.7, ""learning_rate"": 0.05, ""max_depth"": 5, ""min_child_weight"": 5, ""n_estimators"": 81, ""reg_alpha"": 0, ""reg_lambda"": 5.0, ""subsample"": 0.5}",0.6857,{},,msm_tau_1_0.88_tau_2_0.75_lb_4,xgboost
44,2020-08-06,2022-08-05,23,False,True,True,2,0.1916,0.4167,"[1, 1, 0, 2, 1, 2, 1, 1, 0, 1, 0, 0, 1, 1, 2, 0, 0, 0, 0, 1, 0]","[0, 2, 1, 2, 2, 0, 0, 0, 2, 2, 0, 0, 2, 2, 0, 0, 2, 2, 2, 0, 0]","{""colsample_bytree"": 0.7, ""learning_rate"": 0.05, ""max_depth"": 5, ""min_child_weight"": 5, ""n_estimators"": 81, ""reg_alpha"": 0, ""reg_lambda"": 5.0, ""subsample"": 0.5}",0.6944,{},,msm_tau_1_0.88_tau_2_0.75_lb_4,xgboost
45,2020-09-04,2022-09-06,20,False,False,False,3,0.351,0.55,"[0, 2, 2, 2, 2, 0, 1, 0, 0, 2, 0, 0, 0, 0, 0, 0, 2, 0, 0, 2, 2]","[0, 2, 0, 2, 2, 0, 2, 2, 2, 0, 2, 0, 2, 0, 0, 0, 0, 0, 2, 0, 2]","{""colsample_bytree"": 0.7, ""learning_rate"": 0.05, ""max_depth"": 5, ""min_child_weight"": 5, ""n_estimators"": 81, ""reg_alpha"": 0, ""reg_lambda"": 5.0, ""subsample"": 0.5}",0.6786,{},,msm_tau_1_0.88_tau_2_0.75_lb_4,xgboost
46,2020-10-06,2022-10-05,20,True,True,False,0,0.467,0.75,"[1, 0, 0, 0, 0, 0, 2, 0, 2, 2, 0, 0, 2, 2, 2, 0, 0, 2, 0, 0, 0]","[0, 0, 0, 0, 0, 0, 2, 0, 2, 0, 0, 0, 2, 0, 2, 2, 0, 0, 0, 2, 0]","{""colsample_bytree"": 0.6, ""learning_rate"": 0.025, ""max_depth"": 5, ""min_child_weight"": 5, ""n_estimators"": 101, ""reg_alpha"": 0, ""reg_lambda"": 5.0, ""subsample"": 0.7}",0.6643,"{""(0, 3, 0)"": 0.75, ""(3, 7, 0)"": 0.5, ""(1, 10, 0)"": 0.25, ""(5, 5, 3)"": 0.25, ""(1, 3, 0)"": 0.5, ""(0, 2, 1)"": 0.75, ""(6, 8, 3)"": 0.25, ""(0, 5, 0)"": 0.25, ""(2, 8, 5)"": 0.25, ""(10, 10, 3)"": 0.5, ""(0, 3, 2)"": 0.75, ""(6, 6, 3)"": 0.5, ""(0, 8, 1)"": 0.25, ""(6, 10, 0)"": 0.5, ""(7, 5, 1)"": 0.5, ""(5, 3, 1)"": 0.25, ""(4, 4, 2)"": 0.25, ""(2, 6, 0)"": 0.75, ""(6, 10, 5)"": 0.25, ""(1, 9, 2)"": 0.5, ""(3, 0, 4)"": 0.5}",,msm_tau_1_0.88_tau_2_0.75_lb_4,xgboost
47,2020-11-04,2022-11-03,21,False,False,True,1,0.5285,0.8824,"[0, 2, 2, 2, 0, 2, 2, 0, 2, 0, 0, 2, 0, 2, 2, 1, 0, 1, 2, 1, 1]","[0, 2, 2, 0, 0, 2, 2, 0, 2, 0, 0, 0, 0, 2, 2, 0, 0, 2, 2, 2, 2]","{""colsample_bytree"": 0.6, ""learning_rate"": 0.025, ""max_depth"": 5, ""min_child_weight"": 5, ""n_estimators"": 101, ""reg_alpha"": 0, ""reg_lambda"": 5.0, ""subsample"": 0.7}",0.7,{},,msm_tau_1_0.88_tau_2_0.75_lb_4,xgboost
48,2020-12-04,2022-12-05,18,False,True,True,2,0.5079,0.8333,"[0, 0, 1, 2, 0, 2, 2, 0, 0, 0, 0, 1, 2, 0, 2, 0, 0, 2, 1, 0, 2]","[0, 0, 2, 2, 0, 0, 2, 2, 0, 0, 0, 2, 2, 0, 2, 0, 2, 2, 2, 0, 2]","{""colsample_bytree"": 0.6, ""learning_rate"": 0.025, ""max_depth"": 5, ""min_child_weight"": 5, ""n_estimators"": 101, ""reg_alpha"": 0, ""reg_lambda"": 5.0, ""subsample"": 0.7}",0.8587,{},,msm_tau_1_0.88_tau_2_0.75_lb_4,xgboost
49,2021-01-06,2023-01-05,17,False,False,False,3,0.5185,0.5,"[0, 2, 1, 2, 2, 1, 1, 1, 0, 0, 2, 2, 1, 1, 2, 1, 0, 2, 2, 2, 0]","[0, 2, 2, 1, 2, 2, 2, 1, 2, 1, 2, 1, 1, 1, 1, 1, 1, 2, 2, 0, 0]","{""colsample_bytree"": 0.6, ""learning_rate"": 0.025, ""max_depth"": 5, ""min_child_weight"": 5, ""n_estimators"": 101, ""reg_alpha"": 0, ""reg_lambda"": 5.0, ""subsample"": 0.7}",0.7917,{},,msm_tau_1_0.88_tau_2_0.75_lb_4,xgboost
50,2021-02-05,2023-02-06,15,True,True,False,0,0.5199,0.4286,"[0, 2, 0, 0, 1, 2, 1, 1, 0, 1, 0, 1, 2, 0, 1, 0, 0, 2, 2, 1, 0]","[1, 2, 1, 0, 1, 0, 1, 1, 1, 1, 0, 0, 2, 0, 2, 1, 1, 1, 1, 1, 0]","{""colsample_bytree"": 0.6, ""learning_rate"": 0.05, ""max_depth"": 4, ""min_child_weight"": 5, ""n_estimators"": 126, ""reg_alpha"": 0, ""reg_lambda"": 5.0, ""subsample"": 0.5}",0.7717,"{""(0, 3, 0)"": 0.25, ""(4, 5, 0)"": 0.75, ""(0, 2, 1)"": 0.25, ""(2, 8, 2)"": 0.75, ""(0, 3, 2)"": 0.25, ""(6, 6, 3)"": 0.5, ""(6, 10, 0)"": 0.5, ""(1, 9, 0)"": 0.5, ""(0, 6, 0)"": 0.25, ""(2, 6, 0)"": 0.75}",,msm_tau_1_0.88_tau_2_0.75_lb_4,xgboost
51,2021-03-09,2023-03-08,29,False,False,True,1,0.4768,0.6429,"[1, 0, 0, 1, 2, 0, 2, 0, 2, 2, 0, 1, 2, 1, 1, 2, 2, 2, 1, 0, 1]","[1, 1, 2, 2, 2, 0, 2, 0, 2, 2, 2, 0, 0, 2, 2, 2, 2, 2, 2, 1, 1]","{""colsample_bytree"": 0.6, ""learning_rate"": 0.05, ""max_depth"": 4, ""min_child_weight"": 5, ""n_estimators"": 126, ""reg_alpha"": 0, ""reg_lambda"": 5.0, ""subsample"": 0.5}",0.6172,{},,msm_tau_1_0.88_tau_2_0.75_lb_4,xgboost
52,2021-04-08,2023-04-06,18,False,True,True,2,0.2874,0.0909,"[1, 1, 1, 0, 2, 1, 1, 1, 1, 0, 1, 1, 0, 0, 2, 2, 1, 0, 0, 0, 2]","[1, 0, 2, 2, 1, 1, 1, 1, 1, 1, 1, 1, 1, 2, 1, 1, 1, 1, 2, 1, 2]","{""colsample_bytree"": 0.6, ""learning_rate"": 0.05, ""max_depth"": 4, ""min_child_weight"": 5, ""n_estimators"": 126, ""reg_alpha"": 0, ""reg_lambda"": 5.0, ""subsample"": 0.5}",0.6371,{},,msm_tau_1_0.88_tau_2_0.75_lb_4,xgboost
53,2021-05-07,2023-05-08,31,False,False,False,3,0.2884,0.0833,"[1, 0, 2, 1, 1, 1, 0, 2, 2, 1, 1, 0, 0, 2, 2, 1, 0, 2, 2, 1, 1]","[1, 1, 1, 1, 1, 1, 1, 1, 1, 1, 1, 1, 1, 1, 1, 1, 2, 2, 1, 1, 1]","{""colsample_bytree"": 0.6, ""learning_rate"": 0.05, ""max_depth"": 4, ""min_child_weight"": 5, ""n_estimators"": 126, ""reg_alpha"": 0, ""reg_lambda"": 5.0, ""subsample"": 0.5}",0.6284,{},,msm_tau_1_0.88_tau_2_0.75_lb_4,xgboost
54,2021-06-08,2023-06-07,28,True,True,False,0,0.3869,0.2727,"[1, 2, 1, 2, 2, 1, 2, 1, 0, 0, 1, 0, 0, 2, 1, 1, 2, 1, 1, 0, 1]","[1, 2, 1, 1, 2, 1, 2, 1, 1, 1, 1, 1, 1, 1, 2, 1, 1, 1, 1, 1, 2]","{""colsample_bytree"": 0.7, ""learning_rate"": 0.05, ""max_depth"": 4, ""min_child_weight"": 5, ""n_estimators"": 94, ""reg_alpha"": 0, ""reg_lambda"": 5.0, ""subsample"": 0.7}",0.6974,"{""(6, 9, 0)"": 0.25, ""(3, 5, 0)"": 0.25, ""(7, 9, 0)"": 0.75, ""(3, 7, 0)"": 0.25, ""(4, 5, 0)"": 0.5, ""(9, 8, 3)"": 0.75, ""(5, 5, 3)"": 0.5, ""(0, 2, 1)"": 0.25, ""(4, 6, 0)"": 0.75, ""(10, 9, 1)"": 0.5, ""(1, 3, 2)"": 0.75, ""(6, 10, 0)"": 0.75, ""(9, 2, 1)"": 0.5, ""(10, 10, 5)"": 0.5, ""(10, 10, 2)"": 0.5, ""(3, 10, 3)"": 0.5, ""(7, 0, 1)"": 0.5, ""(4, 5, 1)"": 0.5, ""(1, 3, 1)"": 0.25, ""(9, 0, 3)"": 0.25, ""(6, 10, 5)"": 0.5, ""(7, 7, 3)"": 0.25}",,msm_tau_1_0.88_tau_2_0.75_lb_4,xgboost
55,2021-07-08,2023-07-10,25,False,False,True,1,0.4287,0.2727,"[1, 2, 2, 2, 1, 1, 2, 1, 0, 1, 2, 1, 1, 0, 2, 1, 1, 0, 1, 0, 2]","[1, 2, 2, 2, 1, 1, 1, 1, 1, 1, 1, 1, 1, 1, 1, 1, 1, 1, 1, 2, 1]","{""colsample_bytree"": 0.7, ""learning_rate"": 0.05, ""max_depth"": 4, ""min_child_weight"": 5, ""n_estimators"": 94, ""reg_alpha"": 0, ""reg_lambda"": 5.0, ""subsample"": 0.7}",0.7286,{},,msm_tau_1_0.88_tau_2_0.75_lb_4,xgboost
56,2021-08-06,2023-08-08,15,False,True,True,2,0.3557,0.2,"[0, 0, 1, 1, 2, 0, 0, 0, 1, 2, 1, 2, 0, 2, 2, 2, 2, 1, 1, 0, 0]","[1, 2, 1, 1, 1, 1, 1, 1, 1, 1, 1, 2, 1, 2, 1, 2, 1, 1, 1, 1, 1]","{""colsample_bytree"": 0.7, ""learning_rate"": 0.05, ""max_depth"": 4, ""min_child_weight"": 5, ""n_estimators"": 94, ""reg_alpha"": 0, ""reg_lambda"": 5.0, ""subsample"": 0.7}",0.6689,{},,msm_tau_1_0.88_tau_2_0.75_lb_4,xgboost
57,2021-09-07,2023-09-07,16,False,False,False,3,0.3095,0.0909,"[1, 1, 2, 0, 1, 2, 0, 1, 1, 0, 0, 1, 2, 0, 1, 2, 1, 1, 0, 2, 1]","[2, 1, 1, 1, 1, 1, 1, 1, 1, 1, 1, 1, 1, 1, 1, 2, 1, 1, 1, 0, 1]","{""colsample_bytree"": 0.7, ""learning_rate"": 0.05, ""max_depth"": 4, ""min_child_weight"": 5, ""n_estimators"": 94, ""reg_alpha"": 0, ""reg_lambda"": 5.0, ""subsample"": 0.7}",0.6,{},,msm_tau_1_0.88_tau_2_0.75_lb_4,xgboost
58,2021-10-06,2023-10-06,16,True,True,False,0,0.3,0.3889,"[2, 2, 2, 1, 0, 0, 2, 1, 0, 0, 0, 1, 2, 0, 0, 0, 2, 2, 2, 2, 2]","[1, 2, 1, 2, 1, 2, 1, 2, 1, 1, 0, 2, 1, 1, 0, 2, 2, 1, 2, 2, 2]","{""colsample_bytree"": 0.6, ""learning_rate"": 0.1, ""max_depth"": 5, ""min_child_weight"": 5, ""n_estimators"": 70, ""reg_alpha"": 0, ""reg_lambda"": 5.0, ""subsample"": 0.7}",0.6667,"{""(3, 5, 0)"": 0.75, ""(7, 9, 0)"": 0.25, ""(4, 5, 0)"": 0.25, ""(6, 6, 3)"": 0.5, ""(6, 10, 0)"": 0.25, ""(1, 9, 0)"": 0.75, ""(0, 6, 0)"": 0.25, ""(5, 6, 0)"": 0.25, ""(10, 10, 2)"": 0.25, ""(3, 10, 3)"": 0.25, ""(6, 6, 2)"": 0.75, ""(7, 0, 1)"": 0.25, ""(2, 6, 0)"": 0.25, ""(6, 10, 5)"": 0.25, ""(6, 7, 0)"": 0.75}",,msm_tau_1_0.88_tau_2_0.75_lb_4,xgboost
59,2021-11-04,2023-11-06,15,False,False,True,1,0.4751,0.5,"[1, 1, 1, 0, 2, 1, 2, 1, 1, 1, 2, 1, 1, 1, 1, 1, 1, 1, 2, 0, 1]","[1, 0, 0, 1, 2, 1, 2, 1, 2, 2, 1, 1, 1, 1, 1, 1, 1, 1, 2, 1, 1]","{""colsample_bytree"": 0.6, ""learning_rate"": 0.1, ""max_depth"": 5, ""min_child_weight"": 5, ""n_estimators"": 70, ""reg_alpha"": 0, ""reg_lambda"": 5.0, ""subsample"": 0.7}",0.775,{},,msm_tau_1_0.88_tau_2_0.75_lb_4,xgboost
60,2021-12-06,2023-12-06,16,False,True,True,2,0.3562,0.2727,"[1, 2, 2, 1, 2, 2, 1, 1, 2, 2, 0, 2, 1, 2, 1, 1, 1, 0, 0, 1, 1]","[1, 1, 2, 1, 1, 2, 2, 1, 1, 1, 1, 2, 1, 1, 1, 1, 1, 1, 2, 1, 2]","{""colsample_bytree"": 0.6, ""learning_rate"": 0.1, ""max_depth"": 5, ""min_child_weight"": 5, ""n_estimators"": 70, ""reg_alpha"": 0, ""reg_lambda"": 5.0, ""subsample"": 0.7}",0.75,{},,msm_tau_1_0.88_tau_2_0.75_lb_4,xgboost
61,2022-01-05,2024-01-08,15,False,False,False,3,0.381,0.1,"[2, 1, 2, 1, 1, 1, 0, 2, 2, 1, 1, 1, 2, 1, 2, 1, 0, 2, 2, 1, 1]","[1, 1, 1, 0, 1, 1, 2, 1, 1, 1, 1, 1, 1, 1, 1, 2, 0, 1, 1, 1, 1]","{""colsample_bytree"": 0.6, ""learning_rate"": 0.1, ""max_depth"": 5, ""min_child_weight"": 5, ""n_estimators"": 70, ""reg_alpha"": 0, ""reg_lambda"": 5.0, ""subsample"": 0.7}",0.7381,{},,msm_tau_1_0.88_tau_2_0.75_lb_4,xgboost
62,2022-02-04,2024-02-07,23,True,True,False,0,0.5459,0.3333,"[2, 1, 2, 1, 0, 2, 2, 0, 0, 1, 2, 1, 1, 1, 1, 1, 2, 1, 0, 2, 2]","[1, 1, 1, 1, 0, 1, 2, 1, 1, 1, 1, 1, 1, 1, 1, 1, 2, 1, 1, 2, 1]","{""colsample_bytree"": 0.5, ""learning_rate"": 0.2, ""max_depth"": 4, ""min_child_weight"": 5, ""n_estimators"": 52, ""reg_alpha"": 0, ""reg_lambda"": 5.0, ""subsample"": 0.5}",0.69,"{""(3, 5, 0)"": 0.25, ""(1, 3, 0)"": 0.25, ""(9, 2, 2)"": 0.25, ""(2, 8, 2)"": 0.25, ""(6, 6, 3)"": 0.5, ""(10, 9, 1)"": 0.25, ""(0, 8, 1)"": 0.75, ""(0, 6, 0)"": 0.25, ""(6, 7, 1)"": 0.25, ""(5, 6, 0)"": 0.75, ""(6, 6, 2)"": 0.5, ""(6, 6, 5)"": 0.75, ""(3, 3, 3)"": 0.25}",,msm_tau_1_0.88_tau_2_0.75_lb_4,xgboost
63,2022-03-08,2024-03-08,15,False,False,True,1,0.3827,0.2,"[0, 1, 2, 1, 1, 0, 2, 2, 2, 1, 1, 1, 1, 2, 1, 1, 0, 1, 0, 2, 1]","[1, 1, 1, 2, 1, 1, 1, 1, 2, 1, 1, 2, 1, 1, 1, 0, 1, 1, 0, 1, 1]","{""colsample_bytree"": 0.5, ""learning_rate"": 0.2, ""max_depth"": 4, ""min_child_weight"": 5, ""n_estimators"": 52, ""reg_alpha"": 0, ""reg_lambda"": 5.0, ""subsample"": 0.5}",0.69,{},,msm_tau_1_0.88_tau_2_0.75_lb_4,xgboost
64,2022-04-06,2024-04-09,16,False,True,True,2,0.5455,0.3846,"[1, 0, 2, 0, 0, 1, 0, 1, 0, 2, 2, 1, 1, 2, 1, 0, 1, 2, 2, 2, 1]","[1, 0, 1, 1, 0, 1, 2, 1, 1, 1, 2, 1, 1, 1, 1, 1, 2, 2, 2, 1, 1]","{""colsample_bytree"": 0.5, ""learning_rate"": 0.2, ""max_depth"": 4, ""min_child_weight"": 5, ""n_estimators"": 52, ""reg_alpha"": 0, ""reg_lambda"": 5.0, ""subsample"": 0.5}",0.6389,{},,msm_tau_1_0.88_tau_2_0.75_lb_4,xgboost
65,2022-05-06,2024-05-08,14,False,False,False,3,0.5167,0.2222,"[1, 2, 1, 1, 2, 2, 1, 1, 1, 1, 1, 0, 2, 1, 0, 0, 2, 1, 1, 2, 1]","[1, 1, 1, 1, 1, 2, 1, 1, 1, 1, 1, 1, 1, 1, 0, 2, 1, 1, 1, 1, 1]","{""colsample_bytree"": 0.5, ""learning_rate"": 0.2, ""max_depth"": 4, ""min_child_weight"": 5, ""n_estimators"": 52, ""reg_alpha"": 0, ""reg_lambda"": 5.0, ""subsample"": 0.5}",0.6296,{},,msm_tau_1_0.88_tau_2_0.75_lb_4,xgboost
66,2022-06-07,2024-06-07,18,True,True,False,0,0.4691,0.5714,"[1, 1, 1, 2, 1, 1, 2, 1, 1, 1, 0, 1, 1, 1, 0, 1, 2, 2, 2, 1, 1]","[2, 1, 1, 2, 1, 2, 2, 1, 1, 0, 1, 1, 1, 2, 1, 1, 1, 2, 2, 1, 1]","{""colsample_bytree"": 0.6, ""learning_rate"": 0.4, ""max_depth"": 4, ""min_child_weight"": 5, ""n_estimators"": 50, ""reg_alpha"": 0, ""reg_lambda"": 5.0, ""subsample"": 0.6}",0.8289,"{""(0, 8, 1)"": 0.75, ""(4, 5, 0)"": 0.75, ""(2, 9, 0)"": 0.25, ""(1, 3, 0)"": 0.25, ""(6, 3, 1)"": 0.5, ""(6, 6, 3)"": 0.25}",,msm_tau_1_0.88_tau_2_0.75_lb_4,xgboost
67,2022-07-08,2024-07-10,24,False,False,True,1,0.5866,0.6111,"[2, 0, 2, 1, 2, 0, 0, 0, 2, 1, 0, 0, 2, 1, 0, 2, 0, 0, 0, 2, 0]","[1, 2, 2, 1, 1, 2, 0, 0, 2, 0, 0, 1, 2, 1, 1, 2, 0, 0, 0, 0, 0]","{""colsample_bytree"": 0.6, ""learning_rate"": 0.4, ""max_depth"": 4, ""min_child_weight"": 5, ""n_estimators"": 50, ""reg_alpha"": 0, ""reg_lambda"": 5.0, ""subsample"": 0.6}",0.6923,{},,msm_tau_1_0.88_tau_2_0.75_lb_4,xgboost
68,2022-08-08,2024-08-08,24,False,True,True,2,0.4065,0.4545,"[2, 2, 1, 2, 1, 2, 1, 2, 1, 1, 0, 2, 1, 1, 0, 1, 2, 0, 1, 1, 0]","[0, 1, 2, 1, 2, 0, 2, 2, 2, 2, 0, 2, 1, 1, 1, 0, 1, 0, 1, 2, 0]","{""colsample_bytree"": 0.6, ""learning_rate"": 0.4, ""max_depth"": 4, ""min_child_weight"": 5, ""n_estimators"": 50, ""reg_alpha"": 0, ""reg_lambda"": 5.0, ""subsample"": 0.6}",0.6667,{},,msm_tau_1_0.88_tau_2_0.75_lb_4,xgboost
69,2022-09-07,2024-09-09,22,False,False,False,3,0.4692,0.4167,"[2, 2, 2, 2, 2, 1, 1, 0, 2, 1, 1, 1, 1, 2, 1, 2, 0, 1, 1, 2, 0]","[0, 0, 1, 2, 1, 1, 1, 0, 2, 2, 1, 2, 1, 1, 2, 2, 0, 0, 1, 0, 2]","{""colsample_bytree"": 0.6, ""learning_rate"": 0.4, ""max_depth"": 4, ""min_child_weight"": 5, ""n_estimators"": 50, ""reg_alpha"": 0, ""reg_lambda"": 5.0, ""subsample"": 0.6}",0.6875,{},,msm_tau_1_0.88_tau_2_0.75_lb_4,xgboost
70,2022-10-06,2024-10-08,19,True,True,False,0,0.3333,0.3333,"[2, 2, 1, 2, 2, 0, 2, 1, 1, 1, 1, 0, 1, 1, 1, 1, 0, 0, 2, 0, 2]","[0, 0, 0, 0, 0, 0, 0, 0, 1, 0, 1, 0, 1, 0, 0, 0, 2, 0, 0, 2, 2]","{""colsample_bytree"": 0.5, ""learning_rate"": 0.2, ""max_depth"": 3, ""min_child_weight"": 5, ""n_estimators"": 50, ""reg_alpha"": 0, ""reg_lambda"": 5.0, ""subsample"": 0.5}",0.6742,"{""(7, 9, 0)"": 0.25, ""(0, 3, 0)"": 0.75, ""(4, 5, 0)"": 0.25, ""(0, 5, 0)"": 0.25, ""(8, 0, 4)"": 0.25, ""(1, 7, 0)"": 0.25, ""(10, 7, 1)"": 0.25, ""(6, 6, 3)"": 0.75, ""(4, 6, 0)"": 0.75, ""(8, 2, 1)"": 0.25, ""(0, 6, 0)"": 0.75, ""(3, 0, 5)"": 0.25, ""(8, 0, 3)"": 0.25, ""(10, 2, 4)"": 0.25, ""(3, 10, 3)"": 0.25, ""(2, 6, 0)"": 0.5, ""(3, 3, 3)"": 0.5, ""(6, 7, 0)"": 0.5}",,msm_tau_1_0.88_tau_2_0.75_lb_4,xgboost
71,2022-11-04,2024-11-06,19,False,False,True,1,0.357,0.3333,"[2, 2, 2, 1, 0, 1, 0, 0, 2, 1, 1, 2, 1, 1, 2, 0, 2, 1, 1, 2, 1]","[0, 2, 1, 0, 1, 0, 0, 1, 2, 1, 1, 1, 2, 2, 1, 2, 2, 1, 1, 1, 2]","{""colsample_bytree"": 0.5, ""learning_rate"": 0.2, ""max_depth"": 3, ""min_child_weight"": 5, ""n_estimators"": 50, ""reg_alpha"": 0, ""reg_lambda"": 5.0, ""subsample"": 0.5}",0.7241,{},,msm_tau_1_0.88_tau_2_0.75_lb_4,xgboost
72,2022-12-06,2024-12-06,17,False,True,True,2,0.5374,0.5882,"[1, 0, 0, 2, 0, 1, 2, 0, 0, 1, 2, 2, 2, 1, 0, 0, 0, 0, 2, 2, 0]","[1, 0, 1, 1, 0, 0, 1, 1, 0, 0, 0, 0, 2, 1, 2, 0, 0, 0, 2, 2, 0]","{""colsample_bytree"": 0.5, ""learning_rate"": 0.2, ""max_depth"": 3, ""min_child_weight"": 5, ""n_estimators"": 50, ""reg_alpha"": 0, ""reg_lambda"": 5.0, ""subsample"": 0.5}",0.77,{},,msm_tau_1_0.88_tau_2_0.75_lb_4,xgboost
73,2023-01-06,2025-01-08,18,False,False,False,3,0.4206,0.4375,"[1, 0, 1, 1, 2, 1, 2, 2, 2, 2, 0, 0, 2, 0, 2, 0, 0, 2, 2, 1, 0]","[0, 2, 0, 1, 2, 1, 0, 1, 0, 1, 1, 0, 0, 1, 2, 0, 0, 2, 1, 2, 0]","{""colsample_bytree"": 0.5, ""learning_rate"": 0.2, ""max_depth"": 3, ""min_child_weight"": 5, ""n_estimators"": 50, ""reg_alpha"": 0, ""reg_lambda"": 5.0, ""subsample"": 0.5}",0.7935,{},,msm_tau_1_0.88_tau_2_0.75_lb_4,xgboost
74,2023-02-07,2025-02-10,27,True,True,False,0,0.5271,0.75,"[2, 1, 0, 2, 1, 1, 1, 0, 0, 0, 0, 1, 0, 2, 0, 0, 2, 0, 2, 0, 0]","[2, 2, 1, 2, 2, 0, 0, 2, 0, 0, 0, 1, 0, 0, 0, 0, 2, 0, 0, 0, 0]","{""colsample_bytree"": 0.6, ""learning_rate"": 0.2, ""max_depth"": 4, ""min_child_weight"": 5, ""n_estimators"": 50, ""reg_alpha"": 0, ""reg_lambda"": 5.0, ""subsample"": 0.6}",0.6328,"{""(0, 7, 1)"": 0.25, ""(2, 2, 2)"": 0.25, ""(3, 5, 0)"": 0.25, ""(1, 3, 0)"": 0.5, ""(0, 10, 2)"": 0.25, ""(3, 9, 0)"": 0.25, ""(0, 5, 0)"": 0.75, ""(6, 6, 3)"": 0.5, ""(10, 8, 2)"": 0.25, ""(4, 6, 0)"": 0.75, ""(0, 8, 1)"": 0.25, ""(5, 5, 2)"": 0.25, ""(6, 7, 1)"": 0.25, ""(10, 2, 4)"": 0.5, ""(6, 6, 2)"": 0.25, ""(0, 8, 0)"": 0.25, ""(9, 1, 4)"": 0.25, ""(9, 3, 1)"": 0.25}",,msm_tau_1_0.88_tau_2_0.75_lb_4,xgboost
75,2023-03-09,2025-03-12,21,False,False,True,1,0.3476,0.6111,"[2, 0, 2, 2, 0, 2, 0, 1, 2, 1, 0, 0, 0, 2, 1, 2, 0, 0, 0, 0, 2]","[0, 0, 2, 2, 0, 0, 0, 0, 0, 0, 0, 0, 0, 0, 0, 0, 0, 0, 0, 1, 0]","{""colsample_bytree"": 0.6, ""learning_rate"": 0.2, ""max_depth"": 4, ""min_child_weight"": 5, ""n_estimators"": 50, ""reg_alpha"": 0, ""reg_lambda"": 5.0, ""subsample"": 0.6}",0.6917,{},,msm_tau_1_0.88_tau_2_0.75_lb_4,xgboost
76,2023-04-10,2025-04-10,28,False,True,True,2,0.4091,0.7059,"[0, 2, 2, 0, 0, 1, 0, 2, 2, 2, 2, 1, 2, 1, 2, 2, 0, 0, 2, 2, 1]","[2, 2, 2, 2, 0, 2, 0, 2, 2, 2, 0, 0, 0, 0, 2, 2, 0, 0, 2, 0, 0]","{""colsample_bytree"": 0.6, ""learning_rate"": 0.2, ""max_depth"": 4, ""min_child_weight"": 5, ""n_estimators"": 50, ""reg_alpha"": 0, ""reg_lambda"": 5.0, ""subsample"": 0.6}",0.6351,{},,msm_tau_1_0.88_tau_2_0.75_lb_4,xgboost
77,2023-05-09,2025-05-12,16,False,False,False,3,0.2732,0.3333,"[2, 2, 1, 2, 2, 1, 0, 0, 1, 0, 2, 0, 2, 1, 2, 2, 1, 0, 2, 1, 2]","[0, 2, 0, 0, 0, 0, 2, 0, 0, 0, 2, 2, 1, 0, 1, 0, 2, 2, 2, 1, 1]","{""colsample_bytree"": 0.6, ""learning_rate"": 0.2, ""max_depth"": 4, ""min_child_weight"": 5, ""n_estimators"": 50, ""reg_alpha"": 0, ""reg_lambda"": 5.0, ""subsample"": 0.6}",0.6216,{},,msm_tau_1_0.88_tau_2_0.75_lb_4,xgboost
78,2023-06-08,2025-06-11,18,True,True,False,0,0.4402,0.4,"[0, 1, 0, 2, 0, 1, 0, 2, 2, 1, 2, 2, 2, 1, 2, 2, 0, 1, 2, 1, 0]","[1, 2, 0, 1, 0, 0, 2, 1, 2, 1, 1, 1, 2, 1, 1, 2, 0, 1, 0, 2, 1]","{""colsample_bytree"": 0.5, ""learning_rate"": 0.1, ""max_depth"": 5, ""min_child_weight"": 5, ""n_estimators"": 62, ""reg_alpha"": 0, ""reg_lambda"": 5.0, ""subsample"": 0.6}",0.6694,"{""(9, 1, 1)"": 0.25, ""(0, 1, 0)"": 0.25, ""(7, 9, 0)"": 0.75, ""(0, 10, 2)"": 0.25, ""(3, 9, 0)"": 0.5, ""(6, 3, 1)"": 0.5, ""(10, 7, 1)"": 0.25, ""(4, 6, 0)"": 0.75, ""(0, 8, 1)"": 0.25, ""(5, 5, 2)"": 0.5, ""(0, 2, 0)"": 0.5, ""(1, 9, 0)"": 0.5, ""(9, 7, 3)"": 0.25, ""(5, 6, 0)"": 0.75, ""(10, 2, 4)"": 0.25, ""(0, 8, 0)"": 0.5, ""(6, 7, 0)"": 0.5, ""(9, 3, 1)"": 0.25}",,msm_tau_1_0.88_tau_2_0.75_lb_4,xgboost
79,2023-07-11,2025-07-14,16,False,False,True,1,0.1941,0.3333,"[1, 0, 1, 2, 1, 1, 1, 2, 1, 2, 1, 0, 1, 0, 0, 2, 0, 2, 1, 2, 0]","[0, 0, 2, 0, 2, 2, 2, 0, 0, 1, 0, 1, 2, 1, 0, 1, 1, 2, 2, 1, 0]","{""colsample_bytree"": 0.5, ""learning_rate"": 0.1, ""max_depth"": 5, ""min_child_weight"": 5, ""n_estimators"": 62, ""reg_alpha"": 0, ""reg_lambda"": 5.0, ""subsample"": 0.6}",0.629,{},,msm_tau_1_0.88_tau_2_0.75_lb_4,xgboost
80,2023-08-09,2025-08-12,16,False,True,True,2,0.4261,0.4167,"[2, 1, 1, 0, 1, 0, 0, 0, 2, 0, 1, 1, 1, 0, 0, 2, 2, 0, 1, 1, 1]","[2, 2, 1, 1, 1, 1, 2, 0, 2, 0, 0, 1, 2, 2, 0, 1, 1, 2, 2, 1, 2]","{""colsample_bytree"": 0.5, ""learning_rate"": 0.1, ""max_depth"": 5, ""min_child_weight"": 5, ""n_estimators"": 62, ""reg_alpha"": 0, ""reg_lambda"": 5.0, ""subsample"": 0.6}",0.9167,{},,msm_tau_1_0.88_tau_2_0.75_lb_4,xgboost
81,2023-09-08,2025-09-11,17,False,False,False,3,0.3889,0.5,"[2, 1, 2, 1, 1, 2, 2, 2, 0, 0, 0, 2, 1, 1, 1, 1, 1, 1, 0, 2, 0]","[2, 0, 1, 2, 1, 0, 1, 2, 1, 0, 2, 2, 2, 0, 2, 1, 2, 0, 0, 1, 0]","{""colsample_bytree"": 0.5, ""learning_rate"": 0.1, ""max_depth"": 5, ""min_child_weight"": 5, ""n_estimators"": 62, ""reg_alpha"": 0, ""reg_lambda"": 5.0, ""subsample"": 0.6}",0.9306,{},,msm_tau_1_0.88_tau_2_0.75_lb_4,xgboost
82,2023-10-09,2025-10-10,21,False,False,False,4,0.4231,0.6154,"[0, 2, 1, 2, 0, 2, 2, 1, 0, 2, 2, 2, 1, 1, 0, 1, 1, 0, 1, 0, 1]","[0, 2, 0, 2, 0, 0, 1, 2, 1, 1, 2, 2, 1, 2, 0, 0, 0, 1, 0, 0, 0]","{""colsample_bytree"": 0.5, ""learning_rate"": 0.1, ""max_depth"": 5, ""min_child_weight"": 5, ""n_estimators"": 62, ""reg_alpha"": 0, ""reg_lambda"": 5.0, ""subsample"": 0.6}",0.7609,{},,msm_tau_1_0.88_tau_2_0.75_lb_4,xgboost
83,2023-11-07,2025-11-10,22,True,True,False,0,0.4325,0.4167,"[2, 1, 1, 0, 1, 0, 0, 1, 0, 2, 2, 2, 2, 2, 0, 1, 1, 1, 1, 0, 1]","[1, 0, 0, 0, 0, 0, 1, 0, 2, 0, 2, 2, 1, 2, 1, 1, 2, 1, 1, 1, 1]","{""colsample_bytree"": 0.6, ""learning_rate"": 0.05, ""max_depth"": 6, ""min_child_weight"": 5, ""n_estimators"": 50, ""reg_alpha"": 0, ""reg_lambda"": 5.0, ""subsample"": 0.5}",0.6786,"{""(9, 1, 1)"": 0.25, ""(8, 1, 4)"": 0.25, ""(9, 7, 1)"": 0.25, ""(7, 1, 4)"": 0.25, ""(10, 10, 3)"": 0.25, ""(1, 6, 5)"": 0.25, ""(4, 6, 0)"": 0.5, ""(0, 8, 1)"": 0.5, ""(5, 5, 2)"": 0.5, ""(7, 7, 1)"": 0.25, ""(7, 10, 3)"": 0.25, ""(5, 6, 0)"": 0.25, ""(3, 8, 5)"": 0.25}",,msm_tau_1_0.88_tau_2_0.75_lb_4,xgboost
